# galaxies in flares with stellar mass > 10^8 Msol and dust-attenuated far-UV luminosity log10(Lfuv/erg s^-1 Hz^-1) > 28 
# redshift log10(Ndot_ion_16p/s^-1) log10(Ndot_ion_50p/s^-1) log10(Ndot_ion_84p/s^-1) log10(Lfuv/erg s^-1 Hz^-1) N_galaxies
1.000000000000000000e+01 5.330143724251592374e+01 5.351449355082689863e+01 5.364887043128576494e+01 2.800000000000000000e+01 1.100000000000000000e+02
1.000000000000000000e+01 5.353807957844244214e+01 5.379474103785259587e+01 5.387182283928775917e+01 2.825000000000000000e+01 2.290000000000000000e+02
1.000000000000000000e+01 5.395724539924025009e+01 5.409502164803772217e+01 5.415306861819870932e+01 2.850000000000000000e+01 2.140000000000000000e+02
1.000000000000000000e+01 5.422254343019708500e+01 5.455554568388594561e+01 5.471690445364835398e+01 2.875000000000000000e+01 1.050000000000000000e+02
1.000000000000000000e+01 5.462835951611842944e+01 5.482591622450910762e+01 5.509839925919057890e+01 2.900000000000000000e+01 6.900000000000000000e+01
1.000000000000000000e+01 5.512886296956914833e+01 5.513804396357270576e+01 5.519822592516508308e+01 2.925000000000000000e+01 1.400000000000000000e+01
1.000000000000000000e+01 5.530423218569194432e+01 5.536449853445930813e+01 5.541697197891067361e+01 2.950000000000000000e+01 2.000000000000000000e+00
1.000000000000000000e+01 5.577155882852832747e+01 5.577155882852832747e+01 5.577155882852832747e+01 2.975000000000000000e+01 1.000000000000000000e+00
9.000000000000000000e+00 5.324475957832994055e+01 5.343729727045489852e+01 5.360978559414822797e+01 2.800000000000000000e+01 2.600000000000000000e+02
9.000000000000000000e+00 5.351548471413892116e+01 5.371476599740078939e+01 5.384691079262572799e+01 2.825000000000000000e+01 5.810000000000000000e+02
9.000000000000000000e+00 5.391286856740430977e+01 5.404535683422162151e+01 5.418794088325083891e+01 2.850000000000000000e+01 3.530000000000000000e+02
9.000000000000000000e+00 5.417586823324617029e+01 5.431456499079689593e+01 5.444171946684772223e+01 2.875000000000000000e+01 2.260000000000000000e+02
9.000000000000000000e+00 5.459701303675019801e+01 5.481088164725250778e+01 5.497756285394549280e+01 2.900000000000000000e+01 1.330000000000000000e+02
9.000000000000000000e+00 5.484864372803257027e+01 5.511123644933904586e+01 5.525281695737533738e+01 2.925000000000000000e+01 3.700000000000000000e+01
9.000000000000000000e+00 5.515475457462682840e+01 5.517171855840186367e+01 5.526747005745139063e+01 2.950000000000000000e+01 1.000000000000000000e+01
9.000000000000000000e+00 5.548782292476289513e+01 5.561836234856312444e+01 5.573845684466102313e+01 2.975000000000000000e+01 3.000000000000000000e+00
8.000000000000000000e+00 5.327683959764488719e+01 5.338934664646179584e+01 5.356721690328971874e+01 2.800000000000000000e+01 5.590000000000000000e+02
8.000000000000000000e+00 5.351690599357532108e+01 5.370339327516631300e+01 5.383436228753918584e+01 2.825000000000000000e+01 1.221000000000000000e+03
8.000000000000000000e+00 5.386862525758299114e+01 5.401842608740673768e+01 5.417688814211505388e+01 2.850000000000000000e+01 6.740000000000000000e+02
8.000000000000000000e+00 5.425801923984340647e+01 5.445249243729345778e+01 5.468838625639126150e+01 2.875000000000000000e+01 4.320000000000000000e+02
8.000000000000000000e+00 5.453652198911383664e+01 5.468394394984162687e+01 5.484499135663557468e+01 2.900000000000000000e+01 2.350000000000000000e+02
8.000000000000000000e+00 5.485721801381223628e+01 5.489698880759173960e+01 5.516667134057713895e+01 2.925000000000000000e+01 1.010000000000000000e+02
8.000000000000000000e+00 5.520013633643855400e+01 5.533986704654123656e+01 5.557212569698977944e+01 2.950000000000000000e+01 3.900000000000000000e+01
8.000000000000000000e+00 5.546363576366287163e+01 5.550731246295628551e+01 5.552875424018171913e+01 2.975000000000000000e+01 7.000000000000000000e+00
7.000000000000000000e+00 5.320938756573364969e+01 5.346630874613129691e+01 5.361615825176767203e+01 2.800000000000000000e+01 1.257000000000000000e+03
7.000000000000000000e+00 5.354747097373896736e+01 5.370948255711579833e+01 5.384095593839487037e+01 2.825000000000000000e+01 2.049000000000000000e+03
7.000000000000000000e+00 5.386476930587006251e+01 5.399623347323322520e+01 5.413830050467412747e+01 2.850000000000000000e+01 1.329000000000000000e+03
7.000000000000000000e+00 5.418408930110084043e+01 5.432405783044226411e+01 5.458065401757946233e+01 2.875000000000000000e+01 8.150000000000000000e+02
7.000000000000000000e+00 5.458385309230720139e+01 5.472223095579576579e+01 5.498834611000606998e+01 2.900000000000000000e+01 4.800000000000000000e+02
7.000000000000000000e+00 5.495300826148797313e+01 5.506327895071314771e+01 5.520882220232454074e+01 2.925000000000000000e+01 2.110000000000000000e+02
7.000000000000000000e+00 5.534393054049268557e+01 5.539957654919348329e+01 5.555559714875928279e+01 2.950000000000000000e+01 5.200000000000000000e+01
7.000000000000000000e+00 5.548682975736627299e+01 5.560964101616354327e+01 5.570185720983098321e+01 2.975000000000000000e+01 1.900000000000000000e+01
7.000000000000000000e+00 5.538481976393327244e+01 5.570388201721355159e+01 5.577231057027157846e+01 3.000000000000000000e+01 3.000000000000000000e+00
6.000000000000000000e+00 5.329064092596092195e+01 5.346399033414921576e+01 5.363756874419090792e+01 2.800000000000000000e+01 2.187000000000000000e+03
6.000000000000000000e+00 5.354051713533286971e+01 5.370633158378853977e+01 5.384082216118265052e+01 2.825000000000000000e+01 3.570000000000000000e+03
6.000000000000000000e+00 5.382484339111492488e+01 5.397429938101317504e+01 5.411689087391655306e+01 2.850000000000000000e+01 2.242000000000000000e+03
6.000000000000000000e+00 5.414688186251588320e+01 5.432420129919832164e+01 5.458471319378471520e+01 2.875000000000000000e+01 1.438000000000000000e+03
6.000000000000000000e+00 5.455515876330986202e+01 5.474236237919964765e+01 5.499906012500871810e+01 2.900000000000000000e+01 8.690000000000000000e+02
6.000000000000000000e+00 5.485384056899284388e+01 5.502654017368291051e+01 5.521898120223263362e+01 2.925000000000000000e+01 4.260000000000000000e+02
6.000000000000000000e+00 5.512710697349756828e+01 5.523470126065268460e+01 5.545145843119463080e+01 2.950000000000000000e+01 1.430000000000000000e+02
6.000000000000000000e+00 5.543175014442957860e+01 5.563475462132598182e+01 5.576305786274807730e+01 2.975000000000000000e+01 3.300000000000000000e+01
6.000000000000000000e+00 5.586500622676449268e+01 5.592618755981431633e+01 5.593759946406735395e+01 3.000000000000000000e+01 1.200000000000000000e+01
5.000000000000000000e+00 5.331408067300699116e+01 5.350959737443789521e+01 5.365023427595433247e+01 2.800000000000000000e+01 3.364000000000000000e+03
5.000000000000000000e+00 5.352927072657156771e+01 5.370909378251348443e+01 5.386380874531410257e+01 2.825000000000000000e+01 5.405000000000000000e+03
5.000000000000000000e+00 5.382610954672830417e+01 5.399006718118279480e+01 5.413179433655734840e+01 2.850000000000000000e+01 3.588000000000000000e+03
5.000000000000000000e+00 5.413919589052074599e+01 5.431153295349740517e+01 5.463058071944532657e+01 2.875000000000000000e+01 2.581000000000000000e+03
5.000000000000000000e+00 5.447775872173584588e+01 5.470198582828601275e+01 5.495880115049803294e+01 2.900000000000000000e+01 1.524000000000000000e+03
5.000000000000000000e+00 5.489959232920325150e+01 5.507297186110452714e+01 5.521505446543652340e+01 2.925000000000000000e+01 6.910000000000000000e+02
5.000000000000000000e+00 5.507801022461210749e+01 5.530360266267995684e+01 5.554873958118098898e+01 2.950000000000000000e+01 2.480000000000000000e+02
5.000000000000000000e+00 5.542894603287116695e+01 5.550661411172334425e+01 5.570960603533234234e+01 2.975000000000000000e+01 7.000000000000000000e+01
5.000000000000000000e+00 5.575112732278422811e+01 5.577613796890385345e+01 5.578555409596869907e+01 3.000000000000000000e+01 2.200000000000000000e+01
5.000000000000000000e+00 5.580621727059825332e+01 5.581586978123092280e+01 5.587183112457926626e+01 3.025000000000000000e+01 4.000000000000000000e+00
5.000000000000000000e+00 5.604382760880722003e+01 5.604382760880722003e+01 5.604382760880722003e+01 3.050000000000000000e+01 1.000000000000000000e+00
