# galaxies in flares with stellar mass > 10^8 Msol and dust-attenuated far-UV luminosity log10(Lfuv/erg s^-1 Hz^-1) > 28 
# redshift log10(xiion_16p/erg^-1Hz) log10(xiion_50p/erg^-1Hz) log10(xiion_84p/erg^-1Hz) log10(M_*/Msol) N_galaxies
1.000000000000000000e+01 2.529094543705609155e+01 2.543563031205751201e+01 2.553091936951834029e+01 8.000000000000000000e+00 2.030000000000000000e+02
1.000000000000000000e+01 2.510539873031133240e+01 2.543497724013306538e+01 2.548184799036461001e+01 8.250000000000000000e+00 2.520000000000000000e+02
1.000000000000000000e+01 2.536417515240865939e+01 2.540506242067061038e+01 2.544584888751546359e+01 8.500000000000000000e+00 1.210000000000000000e+02
1.000000000000000000e+01 2.525277028853870220e+01 2.539362841117960912e+01 2.553536237205625881e+01 8.750000000000000000e+00 6.200000000000000000e+01
1.000000000000000000e+01 2.523828288292081723e+01 2.524518577274090703e+01 2.541857099425488897e+01 9.000000000000000000e+00 5.500000000000000000e+01
1.000000000000000000e+01 2.522476039142437187e+01 2.532583276698672492e+01 2.532776508365348178e+01 9.250000000000000000e+00 2.700000000000000000e+01
1.000000000000000000e+01 2.527354042714551952e+01 2.527525064108447594e+01 2.528814461249625012e+01 9.500000000000000000e+00 1.600000000000000000e+01
1.000000000000000000e+01 2.525732885468346467e+01 2.528584661659655097e+01 2.530639268367559680e+01 9.750000000000000000e+00 5.000000000000000000e+00
1.000000000000000000e+01 2.509150140080767599e+01 2.509697123026160170e+01 2.513984321362351437e+01 1.000000000000000000e+01 2.000000000000000000e+00
1.000000000000000000e+01 2.516445256881500470e+01 2.516445256881500470e+01 2.516445256881500470e+01 1.025000000000000000e+01 1.000000000000000000e+00
9.000000000000000000e+00 2.531155076170293228e+01 2.544305364503671285e+01 2.555702942118771048e+01 8.000000000000000000e+00 3.660000000000000000e+02
9.000000000000000000e+00 2.519031440454822501e+01 2.540846719829359301e+01 2.548736659919440939e+01 8.250000000000000000e+00 5.800000000000000000e+02
9.000000000000000000e+00 2.533166428959957628e+01 2.540344352001458361e+01 2.546984975246696692e+01 8.500000000000000000e+00 2.820000000000000000e+02
9.000000000000000000e+00 2.534820626130149535e+01 2.538923647475984424e+01 2.542386440908780543e+01 8.750000000000000000e+00 1.390000000000000000e+02
9.000000000000000000e+00 2.502186129490097599e+01 2.532828321410448069e+01 2.536498699214728703e+01 9.000000000000000000e+00 9.400000000000000000e+01
9.000000000000000000e+00 2.520660755070173664e+01 2.525820175137398493e+01 2.534262106393554959e+01 9.250000000000000000e+00 7.100000000000000000e+01
9.000000000000000000e+00 2.511910841584357357e+01 2.523019614350834061e+01 2.525348176561889701e+01 9.500000000000000000e+00 4.200000000000000000e+01
9.000000000000000000e+00 2.512565394692618526e+01 2.512936718553726578e+01 2.524101808792758916e+01 9.750000000000000000e+00 1.900000000000000000e+01
9.000000000000000000e+00 2.505644043129654719e+01 2.524075660632188445e+01 2.529526025620229746e+01 1.000000000000000000e+01 7.000000000000000000e+00
9.000000000000000000e+00 2.508399185519424535e+01 2.515171343439571316e+01 2.521337807760056648e+01 1.025000000000000000e+01 2.000000000000000000e+00
9.000000000000000000e+00 2.514382854294684222e+01 2.514382854294684222e+01 2.514382854294684222e+01 1.050000000000000000e+01 1.000000000000000000e+00
8.000000000000000000e+00 2.533376170151030493e+01 2.543888305049032894e+01 2.553310326854169077e+01 8.000000000000000000e+00 5.550000000000000000e+02
8.000000000000000000e+00 2.522749942373351217e+01 2.538582589930501499e+01 2.547544771734019875e+01 8.250000000000000000e+00 1.164000000000000000e+03
8.000000000000000000e+00 2.517232996208247542e+01 2.537611750215743101e+01 2.547217000933641273e+01 8.500000000000000000e+00 7.000000000000000000e+02
8.000000000000000000e+00 2.526223596835170682e+01 2.538056400937045254e+01 2.542636249341143184e+01 8.750000000000000000e+00 3.100000000000000000e+02
8.000000000000000000e+00 2.524807756557913763e+01 2.533897543213893400e+01 2.542322142209874514e+01 9.000000000000000000e+00 1.730000000000000000e+02
8.000000000000000000e+00 2.523963214543068645e+01 2.528990153764520343e+01 2.537172552733177255e+01 9.250000000000000000e+00 1.480000000000000000e+02
8.000000000000000000e+00 2.518460201572375823e+01 2.519907683215118510e+01 2.528090297426600941e+01 9.500000000000000000e+00 1.080000000000000000e+02
8.000000000000000000e+00 2.508245926877483711e+01 2.518459014024186970e+01 2.525838335970936654e+01 9.750000000000000000e+00 6.800000000000000000e+01
8.000000000000000000e+00 2.512156821696457598e+01 2.517571677249022599e+01 2.522906778773669245e+01 1.000000000000000000e+01 2.700000000000000000e+01
8.000000000000000000e+00 2.505030214163105740e+01 2.513751532691099655e+01 2.519416483813807872e+01 1.025000000000000000e+01 1.000000000000000000e+01
8.000000000000000000e+00 2.506470007649341269e+01 2.506616583929001152e+01 2.509116340790466282e+01 1.050000000000000000e+01 4.000000000000000000e+00
8.000000000000000000e+00 2.511140892548331749e+01 2.511140892548331749e+01 2.511140892548331749e+01 1.075000000000000000e+01 1.000000000000000000e+00
7.000000000000000000e+00 2.533867121597745253e+01 2.545893526852373512e+01 2.553867395152152397e+01 8.000000000000000000e+00 7.360000000000000000e+02
7.000000000000000000e+00 2.521170107123171178e+01 2.539262569938973613e+01 2.550829008681947130e+01 8.250000000000000000e+00 1.855000000000000000e+03
7.000000000000000000e+00 2.521072624237818616e+01 2.537295380028514913e+01 2.545853775374270711e+01 8.500000000000000000e+00 1.582000000000000000e+03
7.000000000000000000e+00 2.524147644661508139e+01 2.534918439309248228e+01 2.544863832859753927e+01 8.750000000000000000e+00 8.200000000000000000e+02
7.000000000000000000e+00 2.526925122223582676e+01 2.536679751487992718e+01 2.540843682354272204e+01 9.000000000000000000e+00 4.000000000000000000e+02
7.000000000000000000e+00 2.520154709717883890e+01 2.528176661996906560e+01 2.532910655238332254e+01 9.250000000000000000e+00 2.510000000000000000e+02
7.000000000000000000e+00 2.519778982710620951e+01 2.525687153151634590e+01 2.531713583904437570e+01 9.500000000000000000e+00 2.370000000000000000e+02
7.000000000000000000e+00 2.514931591376444331e+01 2.522437905486858511e+01 2.527077614718055898e+01 9.750000000000000000e+00 1.770000000000000000e+02
7.000000000000000000e+00 2.504728852150799057e+01 2.514466717442162391e+01 2.524389666756513506e+01 1.000000000000000000e+01 8.600000000000000000e+01
7.000000000000000000e+00 2.511306829341432234e+01 2.519332030691678170e+01 2.522425113440117173e+01 1.025000000000000000e+01 4.800000000000000000e+01
7.000000000000000000e+00 2.509154606165042622e+01 2.516170666536972433e+01 2.516576586128928383e+01 1.050000000000000000e+01 1.900000000000000000e+01
7.000000000000000000e+00 2.504530055706025848e+01 2.509998365383359342e+01 2.514981209400623996e+01 1.075000000000000000e+01 4.000000000000000000e+00
6.000000000000000000e+00 2.538484102905800555e+01 2.549886919893628345e+01 2.555836045608230123e+01 8.000000000000000000e+00 7.760000000000000000e+02
6.000000000000000000e+00 2.527838793758102653e+01 2.541647703817498183e+01 2.551296365345656625e+01 8.250000000000000000e+00 2.592000000000000000e+03
6.000000000000000000e+00 2.520984826459324779e+01 2.535284152239744415e+01 2.545250366507350037e+01 8.500000000000000000e+00 2.893000000000000000e+03
6.000000000000000000e+00 2.515171814145968554e+01 2.532945679445831288e+01 2.542571446410444125e+01 8.750000000000000000e+00 1.878000000000000000e+03
6.000000000000000000e+00 2.520723745982949282e+01 2.533240171896549953e+01 2.540709168843335775e+01 9.000000000000000000e+00 9.230000000000000000e+02
6.000000000000000000e+00 2.523341623276790457e+01 2.531807704017199967e+01 2.541071911122280014e+01 9.250000000000000000e+00 5.280000000000000000e+02
6.000000000000000000e+00 2.518603364401669964e+01 2.525981059001867735e+01 2.530375270003197130e+01 9.500000000000000000e+00 4.690000000000000000e+02
6.000000000000000000e+00 2.512439885168812381e+01 2.520682163702365841e+01 2.526182733723786100e+01 9.750000000000000000e+00 3.610000000000000000e+02
6.000000000000000000e+00 2.511048603224782028e+01 2.516994200346113431e+01 2.521632116257545775e+01 1.000000000000000000e+01 2.780000000000000000e+02
6.000000000000000000e+00 2.505950454743165778e+01 2.514697242688347956e+01 2.521678214001696361e+01 1.025000000000000000e+01 1.290000000000000000e+02
6.000000000000000000e+00 2.505894860571097382e+01 2.510152027755682624e+01 2.514953117832281748e+01 1.050000000000000000e+01 6.200000000000000000e+01
6.000000000000000000e+00 2.513546482135216920e+01 2.518213781346572944e+01 2.519624630782163166e+01 1.075000000000000000e+01 2.800000000000000000e+01
6.000000000000000000e+00 2.502292849124153662e+01 2.502883036294068120e+01 2.518087349793869834e+01 1.100000000000000000e+01 3.000000000000000000e+00
5.000000000000000000e+00 2.539619261266220818e+01 2.550588326780827231e+01 2.558086999141116635e+01 8.000000000000000000e+00 6.050000000000000000e+02
5.000000000000000000e+00 2.526857552559582487e+01 2.543546258043824437e+01 2.553697915850219147e+01 8.250000000000000000e+00 2.678000000000000000e+03
5.000000000000000000e+00 2.519988895003791285e+01 2.535626554258347909e+01 2.547430788007607916e+01 8.500000000000000000e+00 4.303000000000000000e+03
5.000000000000000000e+00 2.518302394722910265e+01 2.533331950451218972e+01 2.543589033603475968e+01 8.750000000000000000e+00 3.663000000000000000e+03
5.000000000000000000e+00 2.520847813564355988e+01 2.533811822929353852e+01 2.542528657339967069e+01 9.000000000000000000e+00 2.315000000000000000e+03
5.000000000000000000e+00 2.521334397601940580e+01 2.530350099689024645e+01 2.539089761305142190e+01 9.250000000000000000e+00 1.098000000000000000e+03
5.000000000000000000e+00 2.519431435585487478e+01 2.526818379785676427e+01 2.533928195855262189e+01 9.500000000000000000e+00 7.510000000000000000e+02
5.000000000000000000e+00 2.514908866189230352e+01 2.521200889412370216e+01 2.526772169857033745e+01 9.750000000000000000e+00 7.420000000000000000e+02
5.000000000000000000e+00 2.507950954956519851e+01 2.517594906676397670e+01 2.523518872781059841e+01 1.000000000000000000e+01 6.420000000000000000e+02
5.000000000000000000e+00 2.507762714708256269e+01 2.512920076305683992e+01 2.519511977829273164e+01 1.025000000000000000e+01 3.970000000000000000e+02
5.000000000000000000e+00 2.509009026168976675e+01 2.513992600454310633e+01 2.517228151855081819e+01 1.050000000000000000e+01 1.870000000000000000e+02
5.000000000000000000e+00 2.508266395621171085e+01 2.511750526322492760e+01 2.517669252209772068e+01 1.075000000000000000e+01 9.100000000000000000e+01
5.000000000000000000e+00 2.502799826880655942e+01 2.503422547101006401e+01 2.504982941919463713e+01 1.100000000000000000e+01 2.300000000000000000e+01
5.000000000000000000e+00 2.504899415314289968e+01 2.516165123720589136e+01 2.522511451957615236e+01 1.125000000000000000e+01 3.000000000000000000e+00
