# galaxies in flares with stellar mass > 10^8 Msol and dust-attenuated far-UV luminosity log10(Lfuv/erg s^-1 Hz^-1) > 28 
# redshift log10(xiion_16p/erg^-1Hz) log10(xiion_50p/erg^-1Hz) log10(xiion_84p/erg^-1Hz) log10(Lfuv/erg s^-1 Hz^-1) N_galaxies
1.000000000000000000e+01 2.520000393707350383e+01 2.534659208400600861e+01 2.549615068793118411e+01 2.800000000000000000e+01 1.100000000000000000e+02
1.000000000000000000e+01 2.529188266489000014e+01 2.543316186324161166e+01 2.551959984930486414e+01 2.825000000000000000e+01 2.290000000000000000e+02
1.000000000000000000e+01 2.535870611371359828e+01 2.544089388387793704e+01 2.551142186170555703e+01 2.850000000000000000e+01 2.140000000000000000e+02
1.000000000000000000e+01 2.524277588500543246e+01 2.531391134335961368e+01 2.548569450865681674e+01 2.875000000000000000e+01 1.050000000000000000e+02
1.000000000000000000e+01 2.532699281125926660e+01 2.542116607581499466e+01 2.553664836816257733e+01 2.900000000000000000e+01 6.900000000000000000e+01
1.000000000000000000e+01 2.527165705251052685e+01 2.527975026221923827e+01 2.530491709541313838e+01 2.925000000000000000e+01 1.400000000000000000e+01
1.000000000000000000e+01 2.515454843516342720e+01 2.522900776537578693e+01 2.531452515441857898e+01 2.950000000000000000e+01 2.000000000000000000e+00
1.000000000000000000e+01 2.516445256881500470e+01 2.516445256881500470e+01 2.516445256881500470e+01 2.975000000000000000e+01 1.000000000000000000e+00
9.000000000000000000e+00 2.513122401454766219e+01 2.531966055716655717e+01 2.548783854994776021e+01 2.800000000000000000e+01 2.600000000000000000e+02
9.000000000000000000e+00 2.523175254823124547e+01 2.542353596622688983e+01 2.549491852968758465e+01 2.825000000000000000e+01 5.810000000000000000e+02
9.000000000000000000e+00 2.534997741242931113e+01 2.543601208572800942e+01 2.555118516711658927e+01 2.850000000000000000e+01 3.530000000000000000e+02
9.000000000000000000e+00 2.534442345806760954e+01 2.538977657164534207e+01 2.547263648878085718e+01 2.875000000000000000e+01 2.260000000000000000e+02
9.000000000000000000e+00 2.521119085694003559e+01 2.525964025453504291e+01 2.542295926528058914e+01 2.900000000000000000e+01 1.330000000000000000e+02
9.000000000000000000e+00 2.528449688561884301e+01 2.540253333414872827e+01 2.551665777529082746e+01 2.925000000000000000e+01 3.700000000000000000e+01
9.000000000000000000e+00 2.523881179959566978e+01 2.524446464831185821e+01 2.528339967352296824e+01 2.950000000000000000e+01 1.000000000000000000e+01
9.000000000000000000e+00 2.514382854294684222e+01 2.530533713285216990e+01 2.535379998087361386e+01 2.975000000000000000e+01 3.000000000000000000e+00
8.000000000000000000e+00 2.514869717201320753e+01 2.528343754362507667e+01 2.544876586937233398e+01 2.800000000000000000e+01 5.590000000000000000e+02
8.000000000000000000e+00 2.523195385201011831e+01 2.539209299420003774e+01 2.549239907810742878e+01 2.825000000000000000e+01 1.221000000000000000e+03
8.000000000000000000e+00 2.528224264308133584e+01 2.538805437058765335e+01 2.549736405089782210e+01 2.850000000000000000e+01 6.740000000000000000e+02
8.000000000000000000e+00 2.524872582669807741e+01 2.534654479370525948e+01 2.551926669075893628e+01 2.875000000000000000e+01 4.320000000000000000e+02
8.000000000000000000e+00 2.520568463177810514e+01 2.536151293855036570e+01 2.544155073618488672e+01 2.900000000000000000e+01 2.350000000000000000e+02
8.000000000000000000e+00 2.528689473079074901e+01 2.536908927592157070e+01 2.540984264920395219e+01 2.925000000000000000e+01 1.010000000000000000e+02
8.000000000000000000e+00 2.518019799489477251e+01 2.530746779920107414e+01 2.538976046368084738e+01 2.950000000000000000e+01 3.900000000000000000e+01
8.000000000000000000e+00 2.506470007649341269e+01 2.507818563582406313e+01 2.522020931792611620e+01 2.975000000000000000e+01 7.000000000000000000e+00
7.000000000000000000e+00 2.510071358490496252e+01 2.533833169676099217e+01 2.546525113053749934e+01 2.800000000000000000e+01 1.257000000000000000e+03
7.000000000000000000e+00 2.522597336146415614e+01 2.540087477940113203e+01 2.550492654036972340e+01 2.825000000000000000e+01 2.049000000000000000e+03
7.000000000000000000e+00 2.527213113706133285e+01 2.540093510634735452e+01 2.548921454402778508e+01 2.850000000000000000e+01 1.329000000000000000e+03
7.000000000000000000e+00 2.528288832761322524e+01 2.538045780129959539e+01 2.546207383046322548e+01 2.875000000000000000e+01 8.150000000000000000e+02
7.000000000000000000e+00 2.522241523739101510e+01 2.528346465997377024e+01 2.540616538816370351e+01 2.900000000000000000e+01 4.800000000000000000e+02
7.000000000000000000e+00 2.519564573453907386e+01 2.525903925720619370e+01 2.533607407356543817e+01 2.925000000000000000e+01 2.110000000000000000e+02
7.000000000000000000e+00 2.516089043890997345e+01 2.524173164585276297e+01 2.527901128536140618e+01 2.950000000000000000e+01 5.200000000000000000e+01
7.000000000000000000e+00 2.516060761849533733e+01 2.520278605371887082e+01 2.526737099292193633e+01 2.975000000000000000e+01 1.900000000000000000e+01
7.000000000000000000e+00 2.507636340834039856e+01 2.517266260685532941e+01 2.521356341123618350e+01 3.000000000000000000e+01 3.000000000000000000e+00
6.000000000000000000e+00 2.514623898044721528e+01 2.533823075615332243e+01 2.549892729838266092e+01 2.800000000000000000e+01 2.187000000000000000e+03
6.000000000000000000e+00 2.523878988249896338e+01 2.539254804943748312e+01 2.550216325851205923e+01 2.825000000000000000e+01 3.570000000000000000e+03
6.000000000000000000e+00 2.522992155106363299e+01 2.536461906127208010e+01 2.545950238333836069e+01 2.850000000000000000e+01 2.242000000000000000e+03
6.000000000000000000e+00 2.520801395914567067e+01 2.532551796020619150e+01 2.544057590311544459e+01 2.875000000000000000e+01 1.438000000000000000e+03
6.000000000000000000e+00 2.520006984876016887e+01 2.530777141091383342e+01 2.540704722089287770e+01 2.900000000000000000e+01 8.690000000000000000e+02
6.000000000000000000e+00 2.517187533707188152e+01 2.528824719746943828e+01 2.541105379247595053e+01 2.925000000000000000e+01 4.260000000000000000e+02
6.000000000000000000e+00 2.511203375517115788e+01 2.517728055748813532e+01 2.527768245711584072e+01 2.950000000000000000e+01 1.430000000000000000e+02
6.000000000000000000e+00 2.512070156532988818e+01 2.515705216912937203e+01 2.527139077921844290e+01 2.975000000000000000e+01 3.300000000000000000e+01
6.000000000000000000e+00 2.518573374243280583e+01 2.518792520573499871e+01 2.520495098837139025e+01 3.000000000000000000e+01 1.200000000000000000e+01
5.000000000000000000e+00 2.517641895259967555e+01 2.534476615384916087e+01 2.549905425535586900e+01 2.800000000000000000e+01 3.364000000000000000e+03
5.000000000000000000e+00 2.520514033586800906e+01 2.536118070089921517e+01 2.549343410290499179e+01 2.825000000000000000e+01 5.405000000000000000e+03
5.000000000000000000e+00 2.522799547587750268e+01 2.536238818026943775e+01 2.547054596025180473e+01 2.850000000000000000e+01 3.588000000000000000e+03
5.000000000000000000e+00 2.519409794845114448e+01 2.531585144439306490e+01 2.543447808901179741e+01 2.875000000000000000e+01 2.581000000000000000e+03
5.000000000000000000e+00 2.516959401420091069e+01 2.528155087964202608e+01 2.539212514566614587e+01 2.900000000000000000e+01 1.524000000000000000e+03
5.000000000000000000e+00 2.514197087790250862e+01 2.523600870350209746e+01 2.532264516318012326e+01 2.925000000000000000e+01 6.910000000000000000e+02
5.000000000000000000e+00 2.507714575253936573e+01 2.519208833648747259e+01 2.526950585996917908e+01 2.950000000000000000e+01 2.480000000000000000e+02
5.000000000000000000e+00 2.509030790685179113e+01 2.512859043641142520e+01 2.521737768042898153e+01 2.975000000000000000e+01 7.000000000000000000e+01
5.000000000000000000e+00 2.523477204749240244e+01 2.527805657998505495e+01 2.528288889479173207e+01 3.000000000000000000e+01 2.200000000000000000e+01
5.000000000000000000e+00 2.516618034763327927e+01 2.518869145481274785e+01 2.534697016096203370e+01 3.025000000000000000e+01 4.000000000000000000e+00
5.000000000000000000e+00 2.523394360381997004e+01 2.523394360381997004e+01 2.523394360381997004e+01 3.050000000000000000e+01 1.000000000000000000e+00
