# galaxies in flares with stellar mass > 10^8 Msol and dust-attenuated far-UV luminosity log10(Lfuv/erg s^-1 Hz^-1) > 28 
# redshift log10(spec_Ndot_ion_16p/s^-1Msun^-1) log10(spec_Ndot_ion_50p/s^-1Msun^-1) log10(spec_Ndot_ion_84p/s^-1Msun^-1) log10(Lfuv/erg s^-1 Hz^-1) N_galaxies
1.000000000000000000e+01 4.520802358476715455e+01 4.540484187195247046e+01 4.556691988529942705e+01 2.800000000000000000e+01 1.100000000000000000e+02
1.000000000000000000e+01 4.537547176391893800e+01 4.564012855147439751e+01 4.578396971584574260e+01 2.825000000000000000e+01 2.290000000000000000e+02
1.000000000000000000e+01 4.552761667954020908e+01 4.577908896225150670e+01 4.596036025817740978e+01 2.850000000000000000e+01 2.140000000000000000e+02
1.000000000000000000e+01 4.550796483755095778e+01 4.559369940564638313e+01 4.596186995826560207e+01 2.875000000000000000e+01 1.050000000000000000e+02
1.000000000000000000e+01 4.575602213542123309e+01 4.584995232943694532e+01 4.605182794119918555e+01 2.900000000000000000e+01 6.900000000000000000e+01
1.000000000000000000e+01 4.558627207607256082e+01 4.562733826766562117e+01 4.574284170798964055e+01 2.925000000000000000e+01 1.400000000000000000e+01
1.000000000000000000e+01 4.531662931479601752e+01 4.548419687402871148e+01 4.567665012485684173e+01 2.950000000000000000e+01 2.000000000000000000e+00
1.000000000000000000e+01 4.549332691479423829e+01 4.549332691479423829e+01 4.549332691479423829e+01 2.975000000000000000e+01 1.000000000000000000e+00
9.000000000000000000e+00 4.501088082570914395e+01 4.534297671672251795e+01 4.554173860558391596e+01 2.800000000000000000e+01 2.600000000000000000e+02
9.000000000000000000e+00 4.532994147742418534e+01 4.554386338909824872e+01 4.568208456606882351e+01 2.825000000000000000e+01 5.810000000000000000e+02
9.000000000000000000e+00 4.547723838333599389e+01 4.574266728151460626e+01 4.595112623024782295e+01 2.850000000000000000e+01 3.530000000000000000e+02
9.000000000000000000e+00 4.552711535050219993e+01 4.565116236957489093e+01 4.584049125346298581e+01 2.875000000000000000e+01 2.260000000000000000e+02
9.000000000000000000e+00 4.537422175161270843e+01 4.556412426532430260e+01 4.578952825045257669e+01 2.900000000000000000e+01 1.330000000000000000e+02
9.000000000000000000e+00 4.544171529973041856e+01 4.566285459342216768e+01 4.604207040342701163e+01 2.925000000000000000e+01 3.700000000000000000e+01
9.000000000000000000e+00 4.534403501782394130e+01 4.536165656347924369e+01 4.545987348147887275e+01 2.950000000000000000e+01 1.000000000000000000e+01
9.000000000000000000e+00 4.521641456306260665e+01 4.550653927954734712e+01 4.575173010910391724e+01 2.975000000000000000e+01 3.000000000000000000e+00
8.000000000000000000e+00 4.497271271110050606e+01 4.519841038251149001e+01 4.544004711571345467e+01 2.800000000000000000e+01 5.590000000000000000e+02
8.000000000000000000e+00 4.515020583953047151e+01 4.545399185275314125e+01 4.565243793742077827e+01 2.825000000000000000e+01 1.221000000000000000e+03
8.000000000000000000e+00 4.529247445422710427e+01 4.554684739210830458e+01 4.575149887796093395e+01 2.850000000000000000e+01 6.740000000000000000e+02
8.000000000000000000e+00 4.542231318504011028e+01 4.554645950889437245e+01 4.584097382540060295e+01 2.875000000000000000e+01 4.320000000000000000e+02
8.000000000000000000e+00 4.528031099757286881e+01 4.561131203679060064e+01 4.576362003540315726e+01 2.900000000000000000e+01 2.350000000000000000e+02
8.000000000000000000e+00 4.545251812285244597e+01 4.563772446222458967e+01 4.573500322986617306e+01 2.925000000000000000e+01 1.010000000000000000e+02
8.000000000000000000e+00 4.527405909080707147e+01 4.557335421352274807e+01 4.574732793238916884e+01 2.950000000000000000e+01 3.900000000000000000e+01
8.000000000000000000e+00 4.491445290127247603e+01 4.516757585104299721e+01 4.542161227388296396e+01 2.975000000000000000e+01 7.000000000000000000e+00
7.000000000000000000e+00 4.494449452153588709e+01 4.528678478201118196e+01 4.553143481281281879e+01 2.800000000000000000e+01 1.257000000000000000e+03
7.000000000000000000e+00 4.510595788570338982e+01 4.540985732855637025e+01 4.564646850172588444e+01 2.825000000000000000e+01 2.049000000000000000e+03
7.000000000000000000e+00 4.521015717924935728e+01 4.543425808585670467e+01 4.561823491519700724e+01 2.850000000000000000e+01 1.329000000000000000e+03
7.000000000000000000e+00 4.535538997698788677e+01 4.548496022885401402e+01 4.566685081004771263e+01 2.875000000000000000e+01 8.150000000000000000e+02
7.000000000000000000e+00 4.523746004919305364e+01 4.546518209932907695e+01 4.565901880550012493e+01 2.900000000000000000e+01 4.800000000000000000e+02
7.000000000000000000e+00 4.527975330304608548e+01 4.535564704529562619e+01 4.555435859257906372e+01 2.925000000000000000e+01 2.110000000000000000e+02
7.000000000000000000e+00 4.482912594333522094e+01 4.539978836326882572e+01 4.556006221476034312e+01 2.950000000000000000e+01 5.200000000000000000e+01
7.000000000000000000e+00 4.513449818176163575e+01 4.520497383533013647e+01 4.546545440825083517e+01 2.975000000000000000e+01 1.900000000000000000e+01
7.000000000000000000e+00 4.461907407078395948e+01 4.520138925967201970e+01 4.529775015977273966e+01 3.000000000000000000e+01 3.000000000000000000e+00
6.000000000000000000e+00 4.490397824100775637e+01 4.519491903292935575e+01 4.545905510287682461e+01 2.800000000000000000e+01 2.187000000000000000e+03
6.000000000000000000e+00 4.503171649973958068e+01 4.532523171337683721e+01 4.557487774172462736e+01 2.825000000000000000e+01 3.570000000000000000e+03
6.000000000000000000e+00 4.506571792663233111e+01 4.530653867333730744e+01 4.552749244378217242e+01 2.850000000000000000e+01 2.242000000000000000e+03
6.000000000000000000e+00 4.508566604454310323e+01 4.532304800547521495e+01 4.551020614518402141e+01 2.875000000000000000e+01 1.438000000000000000e+03
6.000000000000000000e+00 4.517632157999523201e+01 4.537243532330440132e+01 4.553600199551622296e+01 2.900000000000000000e+01 8.690000000000000000e+02
6.000000000000000000e+00 4.510503085861572714e+01 4.540537765185531072e+01 4.554497834675584045e+01 2.925000000000000000e+01 4.260000000000000000e+02
6.000000000000000000e+00 4.478576852177425849e+01 4.505658368281031301e+01 4.535695845515635227e+01 2.950000000000000000e+01 1.430000000000000000e+02
6.000000000000000000e+00 4.485498192436654818e+01 4.520650752349927615e+01 4.540788187503088125e+01 2.975000000000000000e+01 3.300000000000000000e+01
6.000000000000000000e+00 4.515425339383632775e+01 4.516705003474538671e+01 4.517282395654400062e+01 3.000000000000000000e+01 1.200000000000000000e+01
5.000000000000000000e+00 4.485920932100790992e+01 4.514437465038385255e+01 4.544282304406641515e+01 2.800000000000000000e+01 3.364000000000000000e+03
5.000000000000000000e+00 4.488563491346366163e+01 4.518009272998609305e+01 4.546784244427240651e+01 2.825000000000000000e+01 5.405000000000000000e+03
5.000000000000000000e+00 4.495657412648495921e+01 4.521311423441434130e+01 4.546903739916710663e+01 2.850000000000000000e+01 3.588000000000000000e+03
5.000000000000000000e+00 4.495130369230865597e+01 4.522136855975514891e+01 4.543094754772273092e+01 2.875000000000000000e+01 2.581000000000000000e+03
5.000000000000000000e+00 4.495604474983192489e+01 4.524020965682055362e+01 4.544120438460378608e+01 2.900000000000000000e+01 1.524000000000000000e+03
5.000000000000000000e+00 4.488291325548200916e+01 4.517131926388383079e+01 4.541486952705831470e+01 2.925000000000000000e+01 6.910000000000000000e+02
5.000000000000000000e+00 4.468358695682840676e+01 4.508056564955101919e+01 4.527715456998591748e+01 2.950000000000000000e+01 2.480000000000000000e+02
5.000000000000000000e+00 4.495322471319514790e+01 4.503090548814164151e+01 4.509327315624339150e+01 2.975000000000000000e+01 7.000000000000000000e+01
5.000000000000000000e+00 4.502840387098125063e+01 4.514200206521286418e+01 4.516035421357494783e+01 3.000000000000000000e+01 2.200000000000000000e+01
5.000000000000000000e+00 4.481399253927448001e+01 4.494299061471510015e+01 4.533425857676679271e+01 3.025000000000000000e+01 4.000000000000000000e+00
5.000000000000000000e+00 4.496591742321420782e+01 4.496591742321420782e+01 4.496591742321420782e+01 3.050000000000000000e+01 1.000000000000000000e+00
